290.728629 219.904030 -0.713942
292.666315 220.738080 -0.772652
292.415253 220.232766 -0.945715
296.361191 218.734468 -1.015740
294.085129 217.086689 -1.263236
293.687067 218.443569 -1.206864
297.363298 222.579481 -0.987411
297.218985 220.941839 -2.266798
297.549086 221.526298 -1.243271
296.952130 216.466334 -1.234987
299.701188 219.112961 -1.029344
300.715202 217.882272 -0.850347
301.590106 215.225934 -0.938310
302.770975 220.959248 -0.923119
301.337892 216.282366 -0.779818
304.791920 220.560922 -0.758191
300.455677 217.648179 -1.223604
299.847107 220.130389 -1.039818
300.184816 215.603082 -1.205571
302.947675 216.950956 -1.126718
305.808435 218.423477 -0.999384
302.509330 215.807657 -1.205442
303.474188 222.231303 -1.033852
304.727231 217.991656 -0.991302
307.733381 218.221580 -0.871641
309.215086 214.044950 -0.989273
306.919613 215.165404 -1.061309
308.449664 218.349613 -0.992246
308.957079 214.052227 -1.106354
313.180997 216.377372 -0.302749
312.168085 212.633012 -1.014465
314.369693 213.844976 -0.534245
313.671128 212.319014 -1.149677
315.859610 215.373640 -1.055091
318.788767 211.676196 -1.204671
316.347788 212.299790 -1.094296
319.286980 215.835513 -0.887139
315.108732 218.125954 -1.998997
318.150743 218.081289 -1.067308
317.088056 218.065684 -2.007028
317.993717 221.317217 -1.104571
317.225642 222.211352 -1.977610
316.895576 221.604253 -2.129168
318.522027 221.832030 -2.249465
317.777197 219.468674 -2.236884
322.548225 221.881705 -2.263218
322.406585 217.533968 -2.214020
327.571065 216.747333 -1.561356
323.550528 215.839483 -2.055957
327.215984 214.606945 -1.074052
326.313042 211.592673 -0.322702
328.285434 211.592167 0.137333
331.081666 212.465101 0.371254
334.499631 214.419370 0.455622
333.892343 211.918455 0.468158
333.218438 209.294239 0.495598
335.620281 211.061400 0.701977
338.878187 211.092302 0.731783
338.201457 210.670140 0.754900
338.767553 209.258177 0.886483
337.671073 206.943153 0.955882
340.809158 204.934190 1.431548
341.093434 202.183768 1.483544
342.225109 201.449006 1.621385
342.937503 200.319849 1.754991
347.366916 197.040441 1.723753
347.865221 194.885854 2.079452
347.696109 194.307398 2.031264
348.385707 192.496326 2.148783
349.164248 191.550523 2.046526