320.000000 211.000000 1.869295
320.349698 209.310842 1.834607
317.249308 210.492133 1.768515
314.729549 210.789226 1.773248
312.833111 212.315452 1.656359
311.890432 214.920497 1.541542
309.197368 213.978523 1.567817
307.442455 214.632525 1.558983
308.126416 215.761574 1.368553
308.134572 216.940531 1.284765
306.147447 218.876096 1.198673
305.720093 218.955886 1.090778
304.634293 220.438958 1.056892
304.294789 222.039962 0.800192
302.642964 222.058807 0.710144
301.970700 222.036407 0.622132
300.338434 222.750032 0.466300
299.628134 223.436746 0.430821
296.152368 223.619104 0.278687
293.763843 222.218574 -0.083564
293.372179 221.442175 -0.165641
294.814086 220.447699 -0.108232
293.770535 221.435901 -0.265689
296.563523 222.370348 -0.305532
295.416057 221.590986 -0.630568
291.946219 221.835231 -0.621828